group,function,value,throughput_num,throughput_type,sample_measured_value,unit,iteration_count
Engine,Z3,select-rare.o,,,62173156.0,ns,1
Engine,Z3,select-rare.o,,,62198521.0,ns,1
Engine,Z3,select-rare.o,,,62082923.0,ns,1
Engine,Z3,select-rare.o,,,62144266.0,ns,1
Engine,Z3,select-rare.o,,,62153752.0,ns,1
Engine,Z3,select-rare.o,,,62192341.0,ns,1
Engine,Z3,select-rare.o,,,62176302.0,ns,1
Engine,Z3,select-rare.o,,,62137924.0,ns,1
Engine,Z3,select-rare.o,,,62172257.0,ns,1
Engine,Z3,select-rare.o,,,62132060.0,ns,1
Engine,Z3,select-rare.o,,,62145866.0,ns,1
Engine,Z3,select-rare.o,,,62173631.0,ns,1
Engine,Z3,select-rare.o,,,62185876.0,ns,1
Engine,Z3,select-rare.o,,,62175289.0,ns,1
Engine,Z3,select-rare.o,,,62161334.0,ns,1
Engine,Z3,select-rare.o,,,62274661.0,ns,1
Engine,Z3,select-rare.o,,,62188603.0,ns,1
Engine,Z3,select-rare.o,,,62147634.0,ns,1
Engine,Z3,select-rare.o,,,62109602.0,ns,1
Engine,Z3,select-rare.o,,,62127414.0,ns,1
Engine,Z3,select-rare.o,,,62156232.0,ns,1
Engine,Z3,select-rare.o,,,62208420.0,ns,1
Engine,Z3,select-rare.o,,,62162744.0,ns,1
Engine,Z3,select-rare.o,,,62236486.0,ns,1
Engine,Z3,select-rare.o,,,62201286.0,ns,1
Engine,Z3,select-rare.o,,,62240680.0,ns,1
Engine,Z3,select-rare.o,,,62210796.0,ns,1
Engine,Z3,select-rare.o,,,62221462.0,ns,1
Engine,Z3,select-rare.o,,,62207843.0,ns,1
Engine,Z3,select-rare.o,,,62254272.0,ns,1
Engine,Z3,select-rare.o,,,62178618.0,ns,1
Engine,Z3,select-rare.o,,,62152232.0,ns,1
Engine,Z3,select-rare.o,,,62205206.0,ns,1
Engine,Z3,select-rare.o,,,62212309.0,ns,1
Engine,Z3,select-rare.o,,,62249588.0,ns,1
Engine,Z3,select-rare.o,,,62165226.0,ns,1
Engine,Z3,select-rare.o,,,62174366.0,ns,1
Engine,Z3,select-rare.o,,,62146661.0,ns,1
Engine,Z3,select-rare.o,,,62109156.0,ns,1
Engine,Z3,select-rare.o,,,62153880.0,ns,1
Engine,Z3,select-rare.o,,,62177748.0,ns,1
Engine,Z3,select-rare.o,,,62157100.0,ns,1
Engine,Z3,select-rare.o,,,62405736.0,ns,1
Engine,Z3,select-rare.o,,,62220174.0,ns,1
Engine,Z3,select-rare.o,,,62182828.0,ns,1
Engine,Z3,select-rare.o,,,62190188.0,ns,1
Engine,Z3,select-rare.o,,,62241966.0,ns,1
Engine,Z3,select-rare.o,,,62156363.0,ns,1
Engine,Z3,select-rare.o,,,62247311.0,ns,1
Engine,Z3,select-rare.o,,,62148793.0,ns,1
Engine,Z3,select-rare.o,,,62124775.0,ns,1
Engine,Z3,select-rare.o,,,62316045.0,ns,1
Engine,Z3,select-rare.o,,,62192195.0,ns,1
Engine,Z3,select-rare.o,,,62220390.0,ns,1
Engine,Z3,select-rare.o,,,62114949.0,ns,1
Engine,Z3,select-rare.o,,,62161353.0,ns,1
Engine,Z3,select-rare.o,,,62084537.0,ns,1
Engine,Z3,select-rare.o,,,62223758.0,ns,1
Engine,Z3,select-rare.o,,,62199396.0,ns,1
Engine,Z3,select-rare.o,,,62190854.0,ns,1
Engine,Z3,select-rare.o,,,62132230.0,ns,1
Engine,Z3,select-rare.o,,,62201531.0,ns,1
Engine,Z3,select-rare.o,,,62195594.0,ns,1
Engine,Z3,select-rare.o,,,62154756.0,ns,1
Engine,Z3,select-rare.o,,,62159667.0,ns,1
Engine,Z3,select-rare.o,,,62100109.0,ns,1
Engine,Z3,select-rare.o,,,62102248.0,ns,1
Engine,Z3,select-rare.o,,,62179079.0,ns,1
Engine,Z3,select-rare.o,,,62249518.0,ns,1
Engine,Z3,select-rare.o,,,62177166.0,ns,1
Engine,Z3,select-rare.o,,,62126076.0,ns,1
Engine,Z3,select-rare.o,,,62172312.0,ns,1
Engine,Z3,select-rare.o,,,62128290.0,ns,1
Engine,Z3,select-rare.o,,,62182920.0,ns,1
Engine,Z3,select-rare.o,,,62141719.0,ns,1
Engine,Z3,select-rare.o,,,62094175.0,ns,1
Engine,Z3,select-rare.o,,,62067256.0,ns,1
Engine,Z3,select-rare.o,,,62132162.0,ns,1
Engine,Z3,select-rare.o,,,62169212.0,ns,1
Engine,Z3,select-rare.o,,,62126367.0,ns,1
Engine,Z3,select-rare.o,,,62158962.0,ns,1
Engine,Z3,select-rare.o,,,62075340.0,ns,1
Engine,Z3,select-rare.o,,,62115239.0,ns,1
Engine,Z3,select-rare.o,,,62103306.0,ns,1
Engine,Z3,select-rare.o,,,62227770.0,ns,1
Engine,Z3,select-rare.o,,,62108887.0,ns,1
Engine,Z3,select-rare.o,,,62122676.0,ns,1
Engine,Z3,select-rare.o,,,62222250.0,ns,1
Engine,Z3,select-rare.o,,,62186140.0,ns,1
Engine,Z3,select-rare.o,,,62191505.0,ns,1
Engine,Z3,select-rare.o,,,62113261.0,ns,1
Engine,Z3,select-rare.o,,,62145124.0,ns,1
Engine,Z3,select-rare.o,,,62141116.0,ns,1
Engine,Z3,select-rare.o,,,62245988.0,ns,1
Engine,Z3,select-rare.o,,,62207313.0,ns,1
Engine,Z3,select-rare.o,,,62105279.0,ns,1
Engine,Z3,select-rare.o,,,62112242.0,ns,1
Engine,Z3,select-rare.o,,,62199997.0,ns,1
Engine,Z3,select-rare.o,,,62150156.0,ns,1
Engine,Z3,select-rare.o,,,62167786.0,ns,1
